0.0 0.0 0.0 0.0 0.0 0.0 0.0 0.0 0.0 0.0 0.0 0.0 0.0 0.0 0.0 0.0 0.0 0.0 0.0 0.0 0.0 0.0 0.0 0.0 0.0 0.0 0.0 0.0 0.0 0.0 0.0 1.398220181465149 1.3983004093170166 0.0401567667722702 0.04017183929681778 0.0 0.0 0.0 0.0 0.0 0.0 0.0 0.0 0.0 0.0 0.0 0.0 0.0 0.0 0.0 0.0 0.0 0.0 0.0 0.0 0.0 0.0 0.0 0.0
0.0 0.0 0.0 0.0 0.0 0.0 0.0 0.0 0.0 0.0 0.0 0.0 0.0 0.0 0.0 0.0 0.0 0.0 0.0 0.0 0.0 0.0 0.0 0.0 0.0 0.0 0.0 0.0 0.0 0.0 0.0 0.0 1.3982173204421997 1.3982975482940674 0.0401567742228508 0.04019339382648468 0.04016347974538803 0.0 0.0 0.0 0.0 0.0 0.0 0.0 0.0 0.0 0.0 0.0 0.0 0.0 0.0 0.0 0.0 0.0 0.0 0.0 0.0 0.0 0.0
0.0 0.0 0.0 0.0 0.0 0.0 0.0 0.0 0.0 0.0 0.0 0.0 0.0 0.0 0.0 0.0 0.0 0.0 0.0 0.0 0.0 0.0 0.0 0.0 0.0 0.0 0.0 0.0 0.0 0.0 0.0 0.0 0.0 1.39821457862854 1.3982945680618286 0.04015675559639931 0.04019462689757347 0.04016665369272232 0.040126822888851166 0.0 0.0 0.0 0.0 0.0 0.0 0.0 0.0 0.0 0.0 0.0 0.0 0.0 0.0 0.0 0.0 0.0 0.0 0.0 0.0
0.0 0.0 0.0 0.0 0.0 0.0 0.0 0.0 0.0 0.0 0.0 0.0 0.0 0.0 0.0 0.0 0.0 0.0 0.0 0.0 0.0 0.0 0.0 0.0 0.0 0.0 0.0 0.0 0.0 0.0 0.0 0.0 0.0 0.0 1.3982114791870117 1.3982917070388794 0.040156759321689606 0.040195148438215256 0.040166620165109634 0.040120724588632584 0.04015367478132248 0.04014977812767029 0.0 0.0 0.0 0.0 0.0 0.0 0.0 0.0 0.0 0.0 0.0 0.0 0.0 0.0 0.0 0.0 0.0
0.0 0.0 0.0 0.0 0.0 0.0 0.0 0.0 0.0 0.0 0.0 0.0 0.0 0.0 0.0 0.0 0.0 0.0 0.0 0.0 0.0 0.0 0.0 0.0 0.0 0.0 0.0 0.0 0.0 0.0 0.0 0.0 0.0 0.0 0.0 1.398208737373352 1.3982887268066406 0.0401567667722702 0.04019497334957123 0.04016663506627083 0.04012056067585945 0.04015389084815979 0.04015449434518814 0.040159739553928375 0.0 0.0 0.0 0.0 0.0 0.0 0.0 0.0 0.0 0.0 0.0 0.0 0.0 0.0 0.0
0.0 0.0 0.0 0.0 0.0 0.0 0.0 0.0 0.0 0.0 0.0 0.0 0.0 0.0 0.0 0.0 0.0 0.0 0.0 0.0 0.0 0.0 0.0 0.0 0.0 0.0 0.0 0.0 0.0 0.0 0.0 0.0 0.0 0.0 0.0 0.0 1.398205280303955 1.3982855081558228 0.0401567742228508 0.04019477963447571 0.04016660153865814 0.04012047126889229 0.040154095739126205 0.04015436768531799 0.04016231745481491 0.04016633704304695 0.04014785960316658 0.0 0.0 0.0 0.0 0.0 0.0 0.0 0.0 0.0 0.0 0.0 0.0
0.0 0.0 0.0 0.0 0.0 0.0 0.0 0.0 0.0 0.0 0.0 0.0 0.0 0.0 0.0 0.0 0.0 0.0 0.0 0.0 0.0 0.0 0.0 0.0 0.0 0.0 0.0 0.0 0.0 0.0 0.0 0.0 0.0 0.0 0.0 0.0 0.0 1.3982024192810059 1.398282527923584 0.04015679657459259 0.04019477963447571 0.040166616439819336 0.040120791643857956 0.04015414044260979 0.04015446454286575 0.040162600576877594 0.040168359875679016 0.04015360772609711 0.040152408182621 0.0 0.0 0.0 0.0 0.0 0.0 0.0 0.0 0.0 0.0
0.0 0.0 0.0 0.0 0.0 0.0 0.0 0.0 0.0 0.0 0.0 0.0 0.0 0.0 0.0 0.0 0.0 0.0 0.0 0.0 0.0 0.0 0.0 0.0 0.0 0.0 0.0 0.0 0.0 0.0 0.0 0.0 0.0 0.0 0.0 0.0 0.0 0.0 1.398199200630188 1.3982793092727661 0.040156759321689606 0.04019494727253914 0.04016666114330292 0.04012075066566467 0.04015401005744934 0.040154390037059784 0.040162526071071625 0.04016838222742081 0.040151312947273254 0.04015263170003891 0.040154941380023956 0.0 0.0 0.0 0.0 0.0 0.0 0.0 0.0
0.0 0.0 0.0 0.0 0.0 0.0 0.0 0.0 0.0 0.0 0.0 0.0 0.0 0.0 0.0 0.0 0.0 0.0 0.0 0.0 0.0 0.0 0.0 0.0 0.0 0.0 0.0 0.0 0.0 0.0 0.0 0.0 0.0 0.0 0.0 0.0 0.0 0.0 0.0 1.3981961011886597 1.3982762098312378 0.04015675187110901 0.04019484668970108 0.04016662761569023 0.0401204489171505 0.04015408828854561 0.040154360234737396 0.04016236215829849 0.04016838222742081 0.04015129432082176 0.04015190899372101 0.040158193558454514 0.040157005190849304 0.0 0.0 0.0 0.0 0.0 0.0
0.0 0.0 0.0 0.0 0.0 0.0 0.0 0.0 0.0 0.0 0.0 0.0 0.0 0.0 0.0 0.0 0.0 0.0 0.0 0.0 0.0 0.0 0.0 0.0 0.0 0.0 0.0 0.0 0.0 0.0 0.0 0.0 0.0 0.0 0.0 0.0 0.0 0.0 0.0 0.0 1.3981930017471313 1.3982731103897095 0.040156759321689606 0.04019484668970108 0.04016667976975441 0.04012046009302139 0.04015398770570755 0.040154386311769485 0.040162473917007446 0.04016841575503349 0.040151387453079224 0.040151890367269516 0.040158092975616455 0.04016457125544548 0.04016026854515076 0.0 0.0 0.0 0.0
0.0 0.0 0.0 0.0 0.0 0.0 0.0 0.0 0.0 0.0 0.0 0.0 0.0 0.0 0.0 0.0 0.0 0.0 0.0 0.0 0.0 0.0 0.0 0.0 0.0 0.0 0.0 0.0 0.0 0.0 0.0 0.0 0.0 0.0 0.0 0.0 0.0 0.0 0.0 0.0 0.0 1.398189902305603 1.3982700109481812 0.04015675187110901 0.04019486531615257 0.040166668593883514 0.040120624005794525 0.04015399143099785 0.04015442728996277 0.040162526071071625 0.04016845300793648 0.040151484310626984 0.040151871740818024 0.04015831649303436 0.04016486555337906 0.04016699641942978 0.040159840136766434 0.040150877088308334 0.0
0.0 0.0 0.0 0.0 0.0 0.0 0.0 0.0 0.0 0.0 0.0 0.0 0.0 0.0 0.0 0.0 0.0 0.0 0.0 0.0 0.0 0.0 0.0 0.0 0.0 0.0 0.0 0.0 0.0 0.0 0.0 0.0 0.0 0.0 0.0 0.0 0.0 0.0 0.0 0.0 0.0 0.0 1.3981868028640747 1.398267149925232 0.040156781673431396 0.040195122361183167 0.04016672074794769 0.040120527148246765 0.040153972804546356 0.040154457092285156 0.04016248509287834 0.04016852378845215 0.040151260793209076 0.040151841938495636 0.04015828296542168 0.04016490653157234 0.04016697034239769 0.040158264338970184 0.040157124400138855
0.04015606641769409 0.0 0.0 0.0 0.0 0.0 0.0 0.0 0.0 0.0 0.0 0.0 0.0 0.0 0.0 0.0 0.0 0.0 0.0 0.0 0.0 0.0 0.0 0.0 0.0 0.0 0.0 0.0 0.0 0.0 0.0 0.0 0.0 0.0 0.0 0.0 0.0 0.0 0.0 0.0 0.0 0.0 0.0 1.3981841802597046 1.3982640504837036 0.04015675187110901 0.04019495099782944 0.040166690945625305 0.04012041911482811 0.04015417397022247 0.040154412388801575 0.04016254469752312 0.0401684045791626 0.04015142098069191 0.04015178233385086 0.04015827924013138 0.04016493633389473 0.04016682505607605 0.04015824943780899
0.04015635699033737 0.04015703499317169 0.04015045240521431 0.0 0.0 0.0 0.0 0.0 0.0 0.0 0.0 0.0 0.0 0.0 0.0 0.0 0.0 0.0 0.0 0.0 0.0 0.0 0.0 0.0 0.0 0.0 0.0 0.0 0.0 0.0 0.0 0.0 0.0 0.0 0.0 0.0 0.0 0.0 0.0 0.0 0.0 0.0 0.0 0.0 1.3981807231903076 1.3982610702514648 0.040156785398721695 0.04019474983215332 0.04016663506627083 0.04012055695056915 0.040153976529836655 0.040154434740543365 0.040162600576877594 0.04016836732625961 0.040151361376047134 0.040151868015527725 0.04015813767910004 0.04016502946615219 0.0401669442653656
0.04015827924013138 0.04015638306736946 0.040156878530979156 0.04015727341175079 0.04015496373176575 0.0 0.0 0.0 0.0 0.0 0.0 0.0 0.0 0.0 0.12649111449718475 0.12649111449718475 0.12649111449718475 0.12649111449718475 0.12649111449718475 0.0 0.0 0.0 0.0 0.0 0.0 0.0 0.0 0.0 0.0 0.0 0.0 0.0 0.0 0.0 0.0 0.0 0.0 0.0 0.0 0.0 0.0 0.0 0.0 0.0 0.0 1.3981781005859375 1.3982579708099365 0.040156781673431396 0.04019477218389511 0.040166668593883514 0.040120720863342285 0.04015399515628815 0.04015444219112396 0.040162354707717896 0.0401684045791626 0.04015126824378967 0.040151968598365784 0.04015819728374481 0.04016488790512085
0.040166981518268585 0.04015844315290451 0.040156345814466476 0.04015690088272095 0.040157757699489594 0.040161676704883575 0.04017838463187218 0.04015620797872543 0.0 0.0 0.12649111449718475 0.12649111449718475 0.12649111449718475 0.12649111449718475 0.12649111449718475 0.12649111449718475 0.12649111449718475 0.12649111449718475 0.12649111449718475 0.12649111449718475 0.0 0.0 0.0 0.0 0.0 0.0 0.0 0.0 0.0 0.0 0.0 0.0 0.0 0.0 0.0 0.0 0.0 0.0 0.0 0.0 0.0 0.0 0.0 0.0 0.0 0.0 1.398174524307251 1.3982547521591187 0.04015678912401199 0.04019497334957123 0.04016660898923874 0.04012071713805199 0.04015412926673889 0.040154386311769485 0.040162451565265656 0.040168508887290955 0.040151409804821014 0.040151964873075485 0.04015829414129257
0.04016481339931488 0.04016701877117157 0.04015839099884033 0.040156394243240356 0.04015708714723587 0.0401577390730381 0.04016168415546417 0.04017406702041626 0.040157776325941086 0.04015544056892395 0.0 0.12649111449718475 0.12649111449718475 0.12649111449718475 0.12649111449718475 0.12649111449718475 0.12649111449718475 0.12649111449718475 0.12649111449718475 0.12649111449718475 0.12649111449718475 0.0 0.0 0.0 0.0 0.0 0.0 0.0 0.0 0.0 0.0 0.0 0.0 0.0 0.0 0.0 0.0 0.0 0.0 0.0 0.0 0.0 0.0 0.0 0.0 0.0 0.0 1.3981716632843018 1.3982517719268799 0.040156781673431396 0.040194861590862274 0.040166668593883514 0.04012054577469826 0.04015403240919113 0.04015443101525307 0.040162451565265656 0.04016846418380737 0.04015139117836952 0.040151841938495636
0.04015827924013138 0.040164824575185776 0.04016702622175217 0.0401584766805172 0.04015659540891647 0.04015689343214035 0.040157683193683624 0.040161557495594025 0.04016038030385971 0.04015794396400452 0.04016007483005524 0.11255796998739243 0.12649111449718475 0.12649111449718475 0.12649111449718475 0.12649111449718475 0.12649111449718475 0.12649111449718475 0.12649111449718475 0.12649111449718475 0.12649111449718475 0.12649111449718475 0.0 0.0 0.0 0.0 0.0 0.0 0.0 0.0 0.0 0.0 0.0 0.0 0.0 0.0 0.0 0.0 0.0 0.0 0.0 0.0 0.0 0.0 0.0 0.0 0.0 0.0 1.398168683052063 1.3982486724853516 0.040156759321689606 0.040194861590862274 0.04016663879156113 0.04012057185173035 0.04015402868390083 0.04015441983938217 0.04016244411468506 0.040168389678001404 0.040151387453079224
0.04015174135565758 0.04015815258026123 0.040164925158023834 0.04016696661710739 0.040158338844776154 0.04015647619962692 0.04015698283910751 0.04015743359923363 0.04016151651740074 0.040160857141017914 0.04015792906284332 0.040160469710826874 0.09265404939651489 0.1223989799618721 0.12649111449718475 0.12649111449718475 0.12649111449718475 0.12649111449718475 0.12649111449718475 0.12649111449718475 0.12649111449718475 0.12649111449718475 0.12649111449718475 0.0 0.0 0.0 0.0 0.0 0.0 0.0 0.0 0.0 0.0 0.0 0.0 0.0 0.0 0.0 0.0 0.0 0.0 0.0 0.0 0.0 0.0 0.0 0.0 0.0 0.0 1.3981654644012451 1.3982458114624023 0.04015675187110901 0.040194835513830185 0.04016668349504471 0.04012054577469826 0.040153972804546356 0.0401543527841568 0.04016253352165222 0.040168389678001404
0.040151335299015045 0.04015184938907623 0.04015824943780899 0.04016493260860443 0.040166959166526794 0.04015825316309929 0.04015645012259483 0.04015721380710602 0.0401572547852993 0.04016147181391716 0.04016062989830971 0.04015806317329407 0.040160007774829865 0.04015845060348511 0.12412352859973907 0.12649111449718475 0.12649111449718475 0.12649111449718475 0.12649111449718475 0.12649111449718475 0.12649111449718475 0.12649111449718475 0.12649111449718475 0.12649111449718475 0.0 0.0 0.0 0.0 0.0 0.0 0.0 0.0 0.0 0.0 0.0 0.0 0.0 0.0 0.0 0.0 0.0 0.0 0.0 0.0 0.0 0.0 0.0 0.0 0.0 0.0 1.398162841796875 1.3982428312301636 0.04015675187110901 0.04019514471292496 0.0401666983962059 0.04012051224708557 0.04015422612428665 0.04015437141060829 0.04016268998384476
0.04016838222742081 0.04015136510133743 0.040151890367269516 0.040158212184906006 0.04016495496034622 0.040167056024074554 0.04015827178955078 0.040156517177820206 0.040157269686460495 0.040157146751880646 0.04016141965985298 0.040160540491342545 0.0401577427983284 0.04015980660915375 0.040158845484256744 0.12086208164691925 0.12649111449718475 0.12649111449718475 0.12649111449718475 0.12649111449718475 0.12649111449718475 0.12649111449718475 0.12649111449718475 0.12649111449718475 0.12649111449718475 0.0 0.0 0.0 0.0 0.0 0.0 0.0 0.0 0.0 0.0 0.0 0.0 0.0 0.0 0.0 0.0 0.0 0.0 0.0 0.0 0.0 0.0 0.0 0.0 0.0 0.0 1.3981596231460571 1.3982406854629517 0.040156759321689606 0.04019493609666824 0.04016665741801262 0.040120530873537064 0.04015403240919113 0.040154557675123215
0.04016247019171715 0.04016846790909767 0.04015136882662773 0.04015194624662399 0.04015829414129257 0.04016499221324921 0.04016704484820366 0.04015839099884033 0.04015647619962692 0.04015732556581497 0.040157023817300797 0.04016125574707985 0.04016087204217911 0.04015754908323288 0.04015966132283211 0.04015970602631569 0.12086217105388641 0.12649111449718475 0.12649111449718475 0.12649111449718475 0.12649111449718475 0.12649111449718475 0.12649111449718475 0.12649111449718475 0.12649111449718475 0.12649111449718475 0.0 0.0 0.0 0.0 0.0 0.0 0.0 0.0 0.0 0.0 0.0 0.0 0.0 0.0 0.0 0.0 0.0 0.0 0.0 0.0 0.0 0.0 0.0 0.0 0.0 1.398110032081604 1.398159384727478 1.3982399702072144 0.0401567667722702 0.040194880217313766 0.04016668349504471 0.040120430290699005 0.040153998881578445
0.04015456885099411 0.04016243666410446 0.04016847535967827 0.04015133157372475 0.040151938796043396 0.04015825688838959 0.04016489163041115 0.04016709327697754 0.04015851020812988 0.04015640914440155 0.04015705734491348 0.04015730321407318 0.04016125947237015 0.04016084596514702 0.04015745967626572 0.04015947878360748 0.040159933269023895 0.1241234764456749 0.12649111449718475 0.12649111449718475 0.12649111449718475 0.12649111449718475 0.12649111449718475 0.12649111449718475 0.12649111449718475 0.12649111449718475 0.12649111449718475 0.0 0.0 0.0 0.0 0.0 0.0 0.0 0.0 0.0 0.0 0.0 0.0 0.0 0.0 0.0 0.0 0.0 0.0 0.0 0.0 0.0 0.0 0.0 0.0 0.0 0.9519436359405518 1.275512456893921 0.8659346699714661 0.040156736969947815 0.04019495099782944 0.040166646242141724 0.04012054204940796
0.0401541106402874 0.040154531598091125 0.040162600576877594 0.04016827791929245 0.040151335299015045 0.04015187919139862 0.0401582345366478 0.040164798498153687 0.040166955441236496 0.04015844315290451 0.04015633463859558 0.04015680402517319 0.04015715420246124 0.0401611253619194 0.04016098752617836 0.040157511830329895 0.040160223841667175 0.040159329771995544 0.12086215615272522 0.12649111449718475 0.12649111449718475 0.12649111449718475 0.12649111449718475 0.12649111449718475 0.12649111449718475 0.12649111449718475 0.12649111449718475 0.12649111449718475 0.0 0.0 0.0 0.0 0.0 0.0 0.0 0.0 0.0 0.0 0.0 0.0 0.0 0.0 0.0 0.0 0.0 0.0 0.0 0.0 0.0 0.0 0.0 0.0 0.0 0.040091633796691895 0.040134601294994354 0.040124475955963135 0.04015680029988289 0.040194835513830185 0.040166646242141724
0.04012051969766617 0.040154002606868744 0.04015437513589859 0.04016243666410446 0.04016825556755066 0.04015127196907997 0.04015180096030235 0.04015825688838959 0.04016486182808876 0.040166981518268585 0.040158480405807495 0.040156468749046326 0.04015664756298065 0.04015709459781647 0.040161192417144775 0.04016079753637314 0.04015769064426422 0.040159787982702255 0.04015864431858063 0.12117747962474823 0.12649111449718475 0.12649111449718475 0.12649111449718475 0.12649111449718475 0.0 0.0 0.0 0.0 0.0 0.0 0.0 0.0 0.0 0.0 0.0 0.0 0.0 0.0 0.0 0.0 0.0 0.0 0.0 0.0 0.0 0.0 0.0 0.0 0.0 0.0 0.0 0.0 0.0 0.0 0.040091708302497864 0.04013463482260704 0.04012450575828552 0.0401567704975605 0.04019489139318466
0.040166690945625305 0.04012060910463333 0.040154002606868744 0.040154390037059784 0.04016244411468506 0.04016834497451782 0.040151309221982956 0.04015185683965683 0.04015827178955078 0.04016489535570145 0.04016697034239769 0.0401584692299366 0.04015648365020752 0.04015686362981796 0.040157243609428406 0.040161117911338806 0.040160905569791794 0.04015754163265228 0.040159787982702255 0.04015196114778519 0.0 0.0 0.0 0.0 0.0 0.0 0.0 0.0 0.0 0.0 0.0 0.0 0.0 0.0 0.0 0.0 0.0 0.0 0.0 0.0 0.0 0.0 0.0 0.0 0.0 0.0 0.0 0.0 0.0 0.0 0.0 0.0 0.0 0.0 0.0 0.04009172320365906 0.04013460502028465 0.04012451320886612 0.04015679657459259
0.04019460082054138 0.04016662761569023 0.04012056440114975 0.04015401005744934 0.040154486894607544 0.04016266018152237 0.04016847163438797 0.04015146940946579 0.04015186429023743 0.04015829414129257 0.040165070444345474 0.04016692191362381 0.0401582308113575 0.040156565606594086 0.04015694558620453 0.04015754163265228 0.04016090929508209 0.040160514414310455 0.04015771299600601 0.040152657777071 0.0 0.0 0.0 0.0 0.0 0.0 0.0 0.0 0.0 0.0 0.0 0.0 0.0 0.0 0.0 0.0 0.0 0.0 0.0 0.0 0.0 0.0 0.0 0.0 0.0 0.0 0.0 0.0 0.0 0.0 0.0 0.0 0.0 0.0 0.0 0.0 0.04009172320365906 0.040134601294994354 0.04012448340654373
0.040156781673431396 0.04019491374492645 0.04016666114330292 0.04012054204940796 0.040154192596673965 0.04015447571873665 0.04016256332397461 0.0401683934032917 0.04015127569437027 0.040151823312044144 0.04015824571251869 0.040164925158023834 0.04016684740781784 0.040158145129680634 0.04015643894672394 0.040156953036785126 0.040157709270715714 0.04016050696372986 0.04015497490763664 0.0 0.0 0.0 0.0 0.0 0.0 0.0 0.0 0.0 0.0 0.0 0.0 0.0 0.0 0.0 0.0 0.0 0.0 0.0 0.0 0.0 0.0 0.0 0.0 0.0 0.0 0.0 0.0 0.0 0.0 0.0 0.0 0.0 0.0 0.0 0.0 0.0 0.0 0.04009174183011055 0.04013463109731674
0.040124453604221344 0.040156781673431396 0.040195174515247345 0.040166616439819336 0.04012071341276169 0.04015403240919113 0.040154606103897095 0.04016255587339401 0.04016844183206558 0.040151260793209076 0.04015186429023743 0.040158215910196304 0.04016504064202309 0.040166907012462616 0.04015848785638809 0.0401565283536911 0.04015715420246124 0.04015740007162094 0.04015854001045227 0.0 0.0 0.0 0.0 0.0 0.0 0.0 0.0 0.0 0.0 0.0 0.0 0.0 0.0 0.0 0.0 0.0 0.0 0.0 0.0 0.0 0.0 0.0 0.0 0.0 0.0 0.0 0.0 0.0 0.0 0.0 0.0 0.0 0.0 0.0 0.0 0.0 0.0 0.0 0.04009171575307846
0.04013460502028465 0.04012444242835045 0.04015679284930229 0.04019496962428093 0.040166668593883514 0.04012041538953781 0.04015412926673889 0.04015454277396202 0.04016252979636192 0.040168292820453644 0.040151387453079224 0.04015184938907623 0.04015832394361496 0.040165022015571594 0.0401669517159462 0.04015842080116272 0.04015626758337021 0.04015671834349632 0.04015735536813736 0.0 0.0 0.0 0.0 0.0 0.0 0.0 0.0 0.0 0.0 0.0 0.0 0.0 0.0 0.0 0.0 0.0 0.0 0.0 0.0 0.0 0.0 0.0 0.0 0.0 0.0 0.0 0.0 0.0 0.0 0.0 0.0 0.0 0.0 0.0 0.0 0.0 0.0 0.0 0.0
1.0185816287994385 1.0186277627944946 1.0189021825790405 1.019076943397522 1.0191750526428223 1.0192463397979736 1.0194065570831299 1.0195331573486328 1.019695520401001 1.0198166370391846 1.003731369972229 0.966602087020874 0.934686005115509 0.8867723941802979 0.8423417806625366 0.8009130358695984 0.5160905718803406 0.04015647992491722 0.04015132039785385 0.0 0.0 0.0 0.0 0.0 0.0 0.0 0.0 0.0 0.0 0.0 0.0 0.0 0.0 0.0 0.0 0.0 0.0 0.0 0.0 0.0 0.0 0.0 0.0 0.0 0.0 0.0 0.0 0.0 0.0 0.0 0.0 0.0 0.0 0.0 0.0 0.0 0.0 0.0 0.0
0.0 1.0185848474502563 1.018631100654602 1.0189878940582275 1.0190845727920532 1.0191967487335205 1.0192795991897583 1.0194189548492432 1.0195375680923462 1.0197232961654663 1.0198177099227905 1.0164847373962402 0.9731160402297974 0.9482571482658386 0.900334894657135 0.8531786799430847 0.8142580986022949 0.7227201461791992 0.0 0.0 0.0 0.0 0.0 0.0 0.0 0.0 0.0 0.0 0.0 0.0 0.0 0.0 0.0 0.0 0.0 0.0 0.0 0.0 0.0 0.0 0.0 0.0 0.0 0.0 0.0 0.0 0.0 0.0 0.0 0.0 0.0 0.0 0.0 0.0 0.0 0.0 0.0 0.0 0.0
0.0 0.0 0.0 0.0 0.0 0.0 0.0 0.0 0.0 0.0 0.0 0.0 0.0 0.0 0.0 0.0 0.0 0.0 0.0 0.0 0.0 0.0 0.0 0.0 0.0 0.0 0.0 0.0 0.0 0.0 0.0 0.0 0.0 0.0 0.0 0.0 0.0 0.0 0.0 0.0 0.0 0.0 0.0 0.0 0.0 0.0 0.0 0.0 0.0 0.0 0.0 0.0 0.0 0.0 0.0 0.0 0.0 0.0 0.0
0.0 0.0 0.0 0.0 0.0 0.0 0.0 0.0 0.0 0.0 0.0 0.0 0.0 0.0 0.0 0.0 0.0 0.0 0.0 0.0 0.0 0.0 0.0 0.0 0.0 0.0 0.0 0.0 0.0 0.0 0.0 0.0 0.0 0.0 0.0 0.0 0.0 0.0 0.0 0.0 0.0 0.0 0.0 0.0 0.0 0.0 0.0 0.0 0.0 0.0 0.0 0.0 0.0 0.0 0.0 0.0 0.0 0.0 0.0
0.0 0.0 0.0 0.0 0.0 0.0 0.0 0.0 0.0 0.0 0.0 0.0 0.0 0.0 0.0 0.0 0.0 0.0 0.0 0.0 0.0 0.0 0.0 0.0 0.0 0.0 0.0 0.0 0.0 0.0 0.0 0.0 0.0 0.0 0.0 0.0 0.0 0.0 0.0 0.0 0.0 0.0 0.0 0.0 0.0 0.0 0.0 0.0 0.0 0.0 0.0 0.0 0.0 0.0 0.0 0.0 0.0 0.0 0.0
0.0 0.0 0.0 0.0 0.0 0.0 0.0 0.0 0.0 0.0 0.0 0.0 0.0 0.0 0.0 0.0 0.0 0.0 0.0 0.0 0.0 0.0 0.0 0.0 0.0 0.0 0.0 0.0 0.0 0.0 0.0 0.0 0.0 0.0 0.0 0.0 0.0 0.0 0.0 0.0 0.0 0.0 0.0 0.0 0.0 0.0 0.0 0.0 0.0 0.0 0.0 0.0 0.0 0.0 0.0 0.0 0.0 0.0 0.0
0.0 0.0 0.0 0.0 0.0 0.0 0.0 0.0 0.0 0.0 0.0 0.0 0.0 0.0 0.0 0.0 0.0 0.0 0.0 0.0 0.0 0.0 0.0 0.0 0.0 0.0 0.0 0.0 0.0 0.0 0.0 0.0 0.0 0.0 0.0 0.0 0.0 0.0 0.0 0.0 0.0 0.0 0.0 0.0 0.0 0.0 0.0 0.0 0.0 0.0 0.0 0.0 0.0 0.0 0.0 0.0 0.0 0.0 0.0
0.0 0.0 0.0 0.0 0.0 0.0 0.0 0.0 0.0 0.0 0.0 0.0 0.0 0.0 0.0 0.0 0.0 0.0 0.0 0.0 0.0 0.0 0.0 0.0 0.0 0.0 0.0 0.0 0.0 0.0 0.0 0.0 0.0 0.0 0.0 0.0 0.0 0.0 0.0 0.0 0.0 0.0 0.0 0.0 0.0 0.0 0.0 0.0 0.0 0.0 0.0 0.0 0.0 0.0 0.0 0.0 0.0 0.0 0.0
0.0 0.0 0.0 0.0 0.0 0.0 0.0 0.0 0.0 0.0 0.0 0.0 0.0 0.0 0.0 0.0 0.0 0.0 0.0 0.0 0.0 0.0 0.0 0.0 0.0 0.0 0.0 0.0 0.0 0.0 0.0 0.0 0.0 0.0 0.0 0.0 0.0 0.0 0.0 0.0 0.0 0.0 0.0 0.0 0.0 0.0 0.0 0.0 0.0 0.0 0.0 0.0 0.0 0.0 0.0 0.0 0.0 0.0 0.0
0.0 0.0 0.0 0.0 0.0 0.0 0.0 0.0 0.0 0.0 0.0 0.0 0.0 0.0 0.0 0.0 0.0 0.0 0.0 0.0 0.0 0.0 0.0 0.0 0.0 0.0 0.0 0.0 0.0 0.0 0.0 0.0 0.0 0.0 0.0 0.0 0.0 0.0 0.0 0.0 0.0 0.0 0.0 0.0 0.0 0.0 0.0 0.0 0.0 0.0 0.0 0.0 0.0 0.0 0.0 0.0 0.0 0.0 0.0
0.0 0.0 0.0 0.0 0.0 0.0 0.0 0.0 0.0 0.0 0.0 0.0 0.0 0.0 0.0 0.0 0.0 0.0 0.0 0.0 0.0 0.0 0.0 0.0 0.0 0.0 0.0 0.0 0.0 0.0 0.0 0.0 0.0 0.0 0.0 0.0 0.0 0.0 0.0 0.0 0.0 0.0 0.0 0.0 0.0 0.0 0.0 0.0 0.0 0.0 0.0 0.0 0.0 0.0 0.0 0.0 0.0 0.0 0.0
0.0 0.0 0.0 0.0 0.0 0.0 0.0 0.0 0.0 0.0 0.0 0.0 0.0 0.0 0.0 0.0 0.0 0.0 0.0 0.0 0.0 0.0 0.0 0.0 0.0 0.0 0.0 0.0 0.0 0.0 0.0 0.0 0.0 0.0 0.0 0.0 0.0 0.0 0.0 0.0 0.0 0.0 0.0 0.0 0.0 0.0 0.0 0.0 0.0 0.0 0.0 0.0 0.0 0.0 0.0 0.0 0.0 0.0 0.0
0.0 0.0 0.0 0.0 0.0 0.0 0.0 0.0 0.0 0.0 0.0 0.0 0.0 0.0 0.0 0.0 0.0 0.0 0.0 0.0 0.0 0.0 0.0 0.0 0.0 0.0 0.0 0.0 0.0 0.0 0.0 0.0 0.0 0.0 0.0 0.0 0.0 0.0 0.0 0.0 0.0 0.0 0.0 0.0 0.0 0.0 0.0 0.0 0.0 0.0 0.0 0.0 0.0 0.0 0.0 0.0 0.0 0.0 0.0
0.0 0.0 0.0 0.0 0.0 0.0 0.0 0.0 0.0 0.0 0.0 0.0 0.0 0.0 0.0 0.0 0.0 0.0 0.0 0.0 0.0 0.0 0.0 0.0 0.0 0.0 0.0 0.0 0.0 0.0 0.0 0.0 0.0 0.0 0.0 0.0 0.0 0.0 0.0 0.0 0.0 0.0 0.0 0.0 0.0 0.0 0.0 0.0 0.0 0.0 0.0 0.0 0.0 0.0 0.0 0.0 0.0 0.0 0.0
0.0 0.0 0.0 0.0 0.0 0.0 0.0 0.0 0.0 0.0 0.0 0.0 0.0 0.0 0.0 0.0 0.0 0.0 0.0 0.0 0.0 0.0 0.0 0.0 0.0 0.0 0.0 0.0 0.0 0.0 0.0 0.0 0.0 0.0 0.0 0.0 0.0 0.0 0.0 0.0 0.0 0.0 0.0 0.0 0.0 0.0 0.0 0.0 0.0 0.0 0.0 0.0 0.0 0.0 0.0 0.0 0.0 0.0 0.0
0.0 0.0 0.0 0.0 0.0 0.0 0.0 0.0 0.0 0.0 0.0 0.0 0.0 0.0 0.0 0.0 0.0 0.0 0.0 0.0 0.0 0.0 0.0 0.0 0.0 0.0 0.0 0.0 0.0 0.0 0.0 0.0 0.0 0.0 0.0 0.0 0.0 0.0 0.0 0.0 0.0 0.0 0.0 0.0 0.0 0.0 0.0 0.0 0.0 0.0 0.0 0.0 0.0 0.0 0.0 0.0 0.0 0.0 0.0
0.0 0.0 0.0 0.0 0.0 0.0 0.0 0.0 0.0 0.0 0.0 0.0 0.0 0.0 0.0 0.0 0.0 0.0 0.0 0.0 0.0 0.0 0.0 0.0 0.0 0.0 0.0 0.0 0.0 0.0 0.0 0.0 0.0 0.0 0.0 0.0 0.0 0.0 0.0 0.0 0.0 0.0 0.0 0.0 0.0 0.0 0.0 0.0 0.0 0.0 0.0 0.0 0.0 0.0 0.0 0.0 0.0 0.0 0.0
0.0 0.0 0.0 0.0 0.0 0.0 0.0 0.0 0.0 0.0 0.0 0.0 0.0 0.0 0.0 0.0 0.0 0.0 0.0 0.0 0.0 0.0 0.0 0.0 0.0 0.0 0.0 0.0 0.0 0.0 0.0 0.0 0.0 0.0 0.0 0.0 0.0 0.0 0.0 0.0 0.0 0.0 0.0 0.0 0.0 0.0 0.0 0.0 0.0 0.0 0.0 0.0 0.0 0.0 0.0 0.0 0.0 0.0 0.0
0.0 0.0 0.0 0.0 0.0 0.0 0.0 0.0 0.0 0.0 0.0 0.0 0.0 0.0 0.0 0.0 0.0 0.0 0.0 0.0 0.0 0.0 0.0 0.0 0.0 0.0 0.0 0.0 0.0 0.0 0.0 0.0 0.0 0.0 0.0 0.0 0.0 0.0 0.0 0.0 0.0 0.0 0.0 0.0 0.0 0.0 0.0 0.0 0.0 0.0 0.0 0.0 0.0 0.0 0.0 0.0 0.0 0.0 0.0
0.0 0.0 0.0 0.0 0.0 0.0 0.0 0.0 0.0 0.0 0.0 0.0 0.0 0.0 0.0 0.0 0.0 0.0 0.0 0.0 0.0 0.0 0.0 0.0 0.0 0.0 0.0 0.0 0.0 0.0 0.0 0.0 0.0 0.0 0.0 0.0 0.0 0.0 0.0 0.0 0.0 0.0 0.0 0.0 0.0 0.0 0.0 0.0 0.0 0.0 0.0 0.0 0.0 0.0 0.0 0.0 0.0 0.0 0.0
0.0 0.0 0.0 0.0 0.0 0.0 0.0 0.0 0.0 0.0 0.0 0.0 0.0 0.0 0.0 0.0 0.0 0.0 0.0 0.0 0.0 0.0 0.0 0.0 0.0 0.0 0.0 0.0 0.0 0.0 0.0 0.0 0.0 0.0 0.0 0.0 0.0 0.0 0.0 0.0 0.0 0.0 0.0 0.0 0.0 0.0 0.0 0.0 0.0 0.0 0.0 0.0 0.0 0.0 0.0 0.0 0.0 0.0 0.0
0.0 0.0 0.0 0.0 0.0 0.0 0.0 0.0 0.0 0.0 0.0 0.0 0.0 0.0 0.0 0.0 0.0 0.0 0.0 0.0 0.0 0.0 0.0 0.0 0.0 0.0 0.0 0.0 0.0 0.0 0.0 0.0 0.0 0.0 0.0 0.0 0.0 0.0 0.0 0.0 0.0 0.0 0.0 0.0 0.0 0.0 0.0 0.0 0.0 0.0 0.0 0.0 0.0 0.0 0.0 0.0 0.0 0.0 0.0
0.0 0.0 0.0 0.0 0.0 0.0 0.0 0.0 0.0 0.0 0.0 0.0 0.0 0.0 0.0 0.0 0.0 0.0 0.0 0.0 0.0 0.0 0.0 0.0 0.0 0.0 0.0 0.0 0.0 0.0 0.0 0.0 0.0 0.0 0.0 0.0 0.0 0.0 0.0 0.0 0.0 0.0 0.0 0.0 0.0 0.0 0.0 0.0 0.0 0.0 0.0 0.0 0.0 0.0 0.0 0.0 0.0 0.0 0.0
0.0 0.0 0.0 0.0 0.0 0.0 0.0 0.0 0.0 0.0 0.0 0.0 0.0 0.0 0.0 0.0 0.0 0.0 0.0 0.0 0.0 0.0 0.0 0.0 0.0 0.0 0.0 0.0 0.0 0.0 0.0 0.0 0.0 0.0 0.0 0.0 0.0 0.0 0.0 0.0 0.0 0.0 0.0 0.0 0.0 0.0 0.0 0.0 0.0 0.0 0.0 0.0 0.0 0.0 0.0 0.0 0.0 0.0 0.0
0.0 0.0 0.0 0.0 0.0 0.0 0.0 0.0 0.0 0.0 0.0 0.0 0.0 0.0 0.0 0.0 0.0 0.0 0.0 0.0 0.0 0.0 0.0 0.0 0.0 0.0 0.0 0.0 0.0 0.0 0.0 0.0 0.0 0.0 0.0 0.0 0.0 0.0 0.0 0.0 0.0 0.0 0.0 0.0 0.0 0.0 0.0 0.0 0.0 0.0 0.0 0.0 0.0 0.0 0.0 0.0 0.0 0.0 0.0
0.0 0.0 0.0 0.0 0.0 0.0 0.0 0.0 0.0 0.0 0.0 0.0 0.0 0.0 0.0 0.0 0.0 0.0 0.0 0.0 0.0 0.0 0.0 0.0 0.0 0.0 0.0 0.0 0.0 0.0 0.0 0.0 0.0 0.0 0.0 0.0 0.0 0.0 0.0 0.0 0.0 0.0 0.0 0.0 0.0 0.0 0.0 0.0 0.0 0.0 0.0 0.0 0.0 0.0 0.0 0.0 0.0 0.0 0.0
0.0 0.0 0.0 0.0 0.0 0.0 0.0 0.0 0.0 0.0 0.0 0.0 0.0 0.0 0.0 0.0 0.0 0.0 0.0 0.0 0.0 0.0 0.0 0.0 0.0 0.0 0.0 0.0 0.0 0.0 0.0 0.0 0.0 0.0 0.0 0.0 0.0 0.0 0.0 0.0 0.0 0.0 0.0 0.0 0.0 0.0 0.0 0.0 0.0 0.0 0.0 0.0 0.0 0.0 0.0 0.0 0.0 0.0 0.0
0.0 0.0 0.0 0.0 0.0 0.0 0.0 0.0 0.0 0.0 0.0 0.0 0.0 0.0 0.0 0.0 0.0 0.0 0.0 0.0 0.0 0.0 0.0 0.0 0.0 0.0 0.0 0.0 0.0 0.0 0.0 0.0 0.0 0.0 0.0 0.0 0.0 0.0 0.0 0.0 0.0 0.0 0.0 0.0 0.0 0.0 0.0 0.0 0.0 0.0 0.0 0.0 0.0 0.0 0.0 0.0 0.0 0.0 0.0
0.0 0.0 0.0 0.0 0.0 0.0 0.0 0.0 0.0 0.0 0.0 0.0 0.0 0.0 0.0 0.0 0.0 0.0 0.0 0.0 0.0 0.0 0.0 0.0 0.0 0.0 0.0 0.0 0.0 0.0 0.0 0.0 0.0 0.0 0.0 0.0 0.0 0.0 0.0 0.0 0.0 0.0 0.0 0.0 0.0 0.0 0.0 0.0 0.0 0.0 0.0 0.0 0.0 0.0 0.0 0.0 0.0 0.0 0.0
